  0.0927643           0           0  -0.0463822           0           0  -0.0463822           0           0
          0    0.317133           0           0   -0.158566   0.0800202           0   -0.158566  -0.0800202
          0           0    0.280091           0   0.0347766   -0.140045           0  -0.0347766   -0.140045
 -0.0463822           0           0   0.0514668           0           0 -0.00508465           0           0
          0   -0.158566   0.0347766           0    0.173008  -0.0573984           0  -0.0144412   0.0226218
          0   0.0800202   -0.140045           0  -0.0573984    0.126837           0  -0.0226218    0.013208
 -0.0463822           0           0 -0.00508465           0           0   0.0514668           0           0
          0   -0.158566  -0.0347766           0  -0.0144412  -0.0226218           0    0.173008   0.0573984
          0  -0.0800202   -0.140045           0   0.0226218    0.013208           0   0.0573984    0.126837
